N      1    0    0    0   0.000     0.0      0.0    0
CA     2    1    0    0   1.451     0.0      0.0    0
C      3    2    1    0   1.520   107.7      0.0    0
O      4    3    2    1   1.230   121.1    -60.0    0
CB     5    2    3    1   1.556   111.2    122.7    0
CG     6    5    2    3   1.523   115.1     60.0    0
CD1    7    6    5    2   1.368   129.2    180.0    0
CD2    8    6    5    2   1.441   123.9     90.0    1  7  180.0
NE1    9    7    6    5   1.375   108.0    180.0    0
CE2   10    8    6    5   1.413   106.6    180.0    0
CE3   11    8    6    5   1.401   132.5      0.0    0
CZ2   12   10    8    6   1.401   120.0    180.0    0 
CZ3   13   11    8    6   1.402   118.2    180.0    0
CH2   14   12   10    8   1.401   120.0      0.0    0
