N      1    0    0    0   0.000     0.0      0.0    0
CA     2    1    0    0   1.454     0.0      0.0    0
C      3    2    1    0   1.522   109.8      0.0    0
O      4    3    2    1   1.227   121.4    -60.0    0
CB     5    2    3    1   1.555   112.3    123.6    0
CG     6    5    2    3	  1.547   115.9     60.0    0
CD     7    6    5    2	  1.538   114.0    180.0    0		
NE     8    7    6    5	  1.503   107.1	    60.0    0
CZ     9    8    7    6	  1.340   123.0     60.0    0
NH1   10    9    8    7	  1.331   118.1	     0.0    0 
NH2   11    9    8    7	  1.329   122.1	    60.1    1 10  180.0
