N      1    0    0    0   0.000     0.0      0.0    0
CA     2    1    0    0   1.450     0.0      0.0    0
C      3    2    1    0   1.523   106.4      0.0    0
O      4    3    2    1   1.229   120.5    -60.0    0
CB     5    2    3    1   1.559   112.4    122.5    0
CG     6    5    2    3   1.511   112.8     60.0    0
CD1    7    6    5    2   1.406   120.3     90.0    0
CD2    8    6    5    2   1.406   120.8    -90.0    1  7  180.0
CE1    9    7    6    5   1.401   120.6    180.0    0
CE2   10    8    6    5   1.400   120.6    180.0    0
CZ    11    9    7    6   1.400   119.9      0.0    0
 
