N      1    0    0    0   0.000     0.0      0.0    0
CA     2    1    0    0   1.450     0.0      0.0    0
C      3    2    1    0   1.523   106.5      0.0    0
O      4    3    2    1   1.229   120.7    -60.0    0
CB     5    2    3    1   1.560   112.3    122.3    0
CG     6    5    2    3   1.511   112.9     60.0    0
CD1    7    6    5    2   1.406   120.5     60.0    0
CD2    8    6    5    2   1.406   120.5   -120.0    1  7  180.0
CE1    9    7    6    5   1.403   120.4    180.0    0
CE2   10    8    6    5   1.402   120.6    180.0    0
CZ    11    9    7    6   1.398   120.1      0.0    0
OH    12   11    9    7   1.406   120.0    180.0    0

