N      1    0    0    0   0.000     0.0      0.0    0
CA     2    1    0    0   1.452     0.0      0.0    0
C      3    2    1    0   1.516   107.7      0.0    0
O      4    3    2    1   1.227   120.2    -60.0    0
CB     5    2    3    1   1.552   109.5    122.5    0
CG     6    5    2    3   1.504   114.0     60.0    0
ND1    7    6    5    2   1.378   124.1     90.0    0
CD2    8    6    5    2   1.360   129.6    180.0    1  7  180.0
CE1    9    7    6    5   1.355   107.0    180.0    0
NE2   10    8    6    5   1.381   110.0    180.0    0
