    N   CA  C   O   CB  CG  CD1 CD2 NE1 CE2 CE3 CZ2 CZ3 CH2
N   0   1   2   3   2   3   4   4   5   5   5   6   6   7
CA  1   0   1   2   1   2   3   3   4   4   4   5   5   6
C   2   1   0   1   2   3   4   4   5   5   5   6   6   7
O   3   2   1   0   3   4   5   5   6   6   6   7   7   8
CB  2   1   2   3   0   1   2   2   3   3   3   4   4   5
CG  3   2   3   4   1   0   11  11  12  12  2   3   3   4   
CD1 4   3   4   5   2   11  0   12  11  12  3   3   4   4
CD2 4   3   4   5   2   11  12  0   12  11  11  12  12  13
NE1 5   4   5   6   3   12  11  12  0   11  3   2   4   3
CE2 5   4   5   6   3   12  12  11  11  0   12  11  13  12
CE3 5   4   5   6   3   2   3   11  3   12  0   13  11  12
CZ2 6   5   6   7   4   3   3   12  2   11  13  0   12  11
CZ3 6   5   6   7   4   3   4   12  4   13  11  12  0   11
CH2 7   6   7   8   5   4   4   13  3   12  12  11  11   0

