    N   CA  C   O   CB  CG  CD  NE  CZ  NH1 NH2
N   0   1   2   3   2   3   4   5   6   7   7   
CA  1   0   1   2   1   2   3   4   5   6   6
C   2   1   0   1   2   3   3   5   6   7   7
O   3   2   1   0   3   4   4   6   7   8   8
CB  2   1   2   3   0   1   1   3   4   5   5
CG  3   2   3   4   1   0   2   2   3   4   4
CD  4   2   3   4   1   2   0   1   2   3   3
NE  5   4   5   6   3   2   1   0   1   2   2
CZ  6   5   6   7   4   3   2   1   0   1   1
NH1 7   6   7   8   5   4   3   2   1   0   2
NH2 7   6   7   8   5   4   3   2   1   2   0
